50 650
20 25
20 32
20 21
20 28
20 16
20 27
20 34
20 41
20 19
20 15
20 48
20 30
20 37
20 43
20 24
20 39
20 46
20 1
20 22
20 0
20 35
20 31
20 11
20 38
20 2
20 14
25 7
25 49
25 2
25 34
25 31
25 6
25 23
25 44
25 11
25 32
25 0
25 12
25 41
25 26
25 38
25 48
25 35
25 4
25 21
25 16
25 33
25 30
25 10
25 19
25 28
3 35
3 40
3 17
3 48
3 19
3 24
3 39
3 6
3 44
3 15
3 1
3 21
3 32
3 8
3 23
3 28
3 34
3 43
3 49
3 10
3 30
3 45
3 12
3 18
3 27
3 9
35 41
35 43
35 49
35 21
35 29
35 22
35 30
35 23
35 36
35 45
35 5
35 33
35 6
35 40
35 37
35 19
35 27
35 17
35 48
35 28
35 10
35 18
35 11
27 46
27 2
27 31
27 43
27 32
27 8
27 45
27 5
27 34
27 47
27 23
27 24
27 28
27 12
27 38
27 30
27 14
27 10
27 15
27 49
27 29
27 26
27 1
46 34
46 17
46 11
46 32
46 31
46 19
46 42
46 28
46 36
46 49
46 22
46 5
46 40
46 16
46 2
46 10
46 24
46 39
46 14
46 29
46 47
46 37
46 23
46 41
21 28
21 6
21 44
21 11
21 7
21 0
21 33
21 29
21 17
21 38
21 9
21 40
21 5
21 19
21 23
21 15
21 16
21 8
21 43
21 4
21 30
21 32
28 1
28 24
28 44
28 34
28 26
28 48
28 7
28 29
28 39
28 23
28 42
28 18
28 45
28 9
28 5
28 4
28 19
28 47
28 15
4 36
4 12
4 17
4 38
4 45
4 32
4 47
4 8
4 22
4 1
4 29
4 10
4 16
4 31
4 37
4 44
4 13
4 18
4 39
4 33
4 40
4 9
4 23
36 10
36 22
36 30
36 43
36 2
36 14
36 6
36 31
36 19
36 33
36 32
36 29
36 42
36 48
36 13
36 45
36 9
36 17
36 24
36 5
36 47
36 1
36 26
30 41
30 2
30 49
30 17
30 13
30 45
30 31
30 40
30 7
30 18
30 39
30 5
30 12
30 37
30 32
30 10
30 43
30 38
30 8
41 6
41 34
41 11
41 12
41 17
41 18
41 39
41 47
41 1
41 23
41 40
41 10
41 45
41 16
41 38
41 24
41 29
41 8
41 22
41 37
41 15
7 44
7 15
7 37
7 34
7 16
7 39
7 40
7 33
7 45
7 12
7 42
7 24
7 47
7 14
7 1
7 26
7 48
7 19
7 8
7 31
7 13
7 10
32 44
32 13
32 6
32 12
32 19
32 5
32 26
32 39
32 18
32 24
32 2
32 1
32 23
32 40
32 31
32 47
32 0
44 19
44 13
44 34
44 17
44 15
44 49
44 1
44 42
44 18
44 0
44 5
44 45
44 26
44 39
44 2
44 47
44 6
44 14
44 11
23 26
23 40
23 31
23 2
23 49
23 47
23 9
23 11
23 0
23 38
23 18
23 19
23 15
23 34
23 8
23 39
26 11
26 34
26 45
26 9
26 43
26 2
26 48
26 6
26 13
26 31
26 38
26 22
26 18
26 29
26 40
26 5
26 24
26 12
34 33
34 18
34 12
34 9
34 42
34 17
34 37
34 47
34 24
34 22
34 45
34 14
34 31
34 49
34 6
17 39
17 43
17 37
17 48
17 10
17 16
17 45
17 31
17 49
17 42
17 13
17 22
17 33
17 19
17 15
17 11
13 18
13 49
13 1
13 42
13 9
13 47
13 5
13 40
13 33
13 14
13 45
13 38
13 19
13 8
13 2
13 48
13 11
13 39
11 48
11 43
11 0
11 6
11 45
11 47
11 5
11 40
11 33
11 29
11 18
11 1
11 42
11 9
11 10
48 15
48 29
48 9
48 39
48 8
48 16
48 19
48 38
48 31
48 49
48 37
48 24
48 43
48 42
48 1
1 15
1 33
1 39
1 6
1 31
1 49
1 16
1 10
1 22
1 8
1 45
1 5
1 42
2 45
2 16
2 10
2 5
2 49
2 43
2 0
2 8
2 15
2 6
2 31
2 42
2 29
2 14
2 9
14 43
14 10
14 0
14 6
14 19
14 38
14 8
14 24
14 47
14 45
14 33
14 40
14 16
14 9
14 5
14 22
14 37
43 45
43 42
43 49
43 12
43 9
43 10
43 29
43 37
43 40
43 33
43 0
43 6
43 8
49 24
49 5
49 42
49 15
49 9
49 10
49 19
49 33
49 8
49 16
49 38
0 45
0 5
0 40
0 19
0 9
0 38
0 42
0 33
0 16
0 18
0 15
0 37
0 6
0 29
0 10
0 24
45 31
45 29
45 19
45 12
45 38
45 24
40 24
40 8
40 22
40 31
40 29
40 37
40 15
40 19
40 39
40 47
8 38
8 12
8 33
8 42
8 22
8 29
8 37
8 39
8 15
8 10
38 16
38 39
38 29
38 19
38 9
38 5
38 47
38 42
38 18
38 22
33 31
33 47
33 29
33 22
33 42
33 5
33 6
33 39
33 9
33 37
16 29
16 24
16 31
16 22
16 6
16 5
16 12
16 37
16 19
16 39
16 18
6 18
6 5
6 12
6 42
6 22
6 9
6 10
6 37
10 12
10 22
10 9
10 18
10 15
10 42
12 29
12 31
12 22
12 37
12 15
12 39
12 18
12 24
12 9
12 5
39 42
39 15
39 47
39 24
39 37
42 37
42 24
42 18
42 15
42 47
15 9
15 5
15 22
15 18
15 47
19 29
19 24
19 5
19 37
29 9
29 47
29 24
29 22
37 47
37 18
37 22
37 31
18 31
18 22
18 9
18 24
31 47
31 22
31 9
24 47
24 22
5 47
5 22
9 47

